1


     HOCK,SCHITTKOWSKI PROBLEM 65
     STARTING POINT       -0.500E+01   0.500E+01   0.000E+00




          COLLECTED INFORMATION FOR ITERATION STEPS

   K   FSUM(K)    HSUM(K)    LAGRES    DXNORM  KODA KODC   ALPHA  CONV.SPEED  MAX(W)   PREDICTED REDUCTION WORKING SET
   0  0.136E+03  0.450E+01 0.500E+01 0.500E+01   2    1 0.481E+00 0.000E+00 0.100E+00 0.295E+02 0.160E+02   2  6  1
   1  0.116E+03  0.466E+02 0.715E+01 0.684E+01   2    1 0.430E+00 0.180E+01 0.100E+00 0.412E+02 0.266E+02   6  1
   2  0.783E+02  0.661E-01 0.933E+01 0.819E+01   2    1 0.758E+00 0.891E+00 0.100E+00 0.782E+02 0.737E+02   6  7
   3  0.467E+01  0.218E+02 0.277E+01 0.144E+01   2    1 0.100E+01 0.582E+00 0.100E+00 0.589E+01 0.546E+01   7  1
   4  0.955E+00  0.429E+01 0.348E+00 0.466E+00   1    2 0.100E+01 0.418E+00 0.100E+00 0.446E+00 0.441E+00   1
   5  0.938E+00  0.470E-01 0.371E-01 0.667E-01   1    2 0.100E+01 0.106E+00 0.707E+00 0.177E-01 0.177E-01   1
   6  0.953E+00  0.198E-04 0.530E-02 0.792E-02   1    2 0.100E+01 0.349E-01 0.348E+02 0.365E-03 0.365E-03   1
   7  0.954E+00  0.394E-08 0.651E-03 0.997E-03   1    2 0.100E+01 0.104E+00 0.245E+04 0.515E-05 0.515E-05   1
   8  0.954E+00  0.989E-12 0.819E-04 0.125E-03   1    2 0.100E+01 0.125E+00 0.155E+06 0.817E-07 0.816E-07   1
   9  0.954E+00  0.245E-15 0.103E-04 0.157E-04   1    2 0.100E+01 0.126E+00 0.983E+07 0.129E-08 0.129E-08   1
  10  0.954E+00  0.602E-19 0.129E-05 0.197E-05   1    2 0.100E+01 0.125E+00 0.627E+09 0.202E-10 0.201E-10   1
  11  0.954E+00  0.152E-22 0.160E-06 0.245E-06   1    2 0.100E+01 0.124E+00 0.395E+11 0.321E-12 0.324E-12   1



 EXIT=      40    NO. OF ITERATIONS=   12  SPEED=   0.926E-01
 RANKA=   1   P=   1   RANK=   3   M=   3
 FUNCEV=   15  JACEV=   15  SECEV=    0  LINEV=   14
 PHI(X)=   0.476764E+00  FSUM=   0.953529E+00  FL2NRM=   0.976488E+00  HSUM=   0.126E-26
 AT THE POINT
   0.36504617E+01  0.36504617E+01  0.46204176E+01
     ACTIVE CONSTRAINTS  1
     CONSTRAINT VALUES   
       -0.355E-13   0.815E+01   0.815E+01   0.962E+01   0.850E+00   0.850E+00   0.380E+00
     PENALTY CONSTANTS   
        0.395E+11   0.100E+00   0.100E+00   0.100E+00   0.100E+00   0.100E+00   0.100E+00
                    DEFAULT VALUES
                    IPRINT=  1
                    NOUT= 10
                    MAXIT=  60
                    NORM=  2
                    TOL=   0.149012E-07
                    EPSREL=   0.149012E-07
                    EPSABS=   0.222045E-15
                    EPSX=   0.149012E-07
                    EPSH=   0.149012E-07
